0.000 1.522 1.836 1.658 2.056 2.734 2.766 3.522 1.330 0.663 0.823 1.199 1.557 2.036 3.915 3.194 2.632 2.539 1.916 2.116 0.551 
1.522 0.000 0.752 0.955 1.351 1.956 2.077 2.834 1.053 1.169 0.701 1.288 1.215 1.313 3.276 2.417 2.179 1.899 1.344 1.290 1.340 
1.836 0.752 0.000 0.380 0.631 1.204 1.327 2.082 0.724 1.252 1.106 1.025 0.726 0.591 2.524 1.668 1.459 1.157 0.676 0.545 1.435 
1.658 0.955 0.380 0.000 0.449 1.133 1.213 1.993 0.389 1.019 1.053 0.678 0.346 0.417 2.423 1.610 1.242 1.005 0.394 0.466 1.187 
2.056 1.351 0.631 0.449 0.000 0.690 0.764 1.544 0.727 1.397 1.500 0.937 0.526 0.039 1.974 1.165 0.831 0.559 0.176 0.154 1.547 
2.734 1.956 1.204 1.133 0.690 0.000 0.176 0.878 1.405 2.072 2.186 1.572 1.179 0.718 1.320 0.477 0.554 0.267 0.817 0.684 2.211 
2.766 2.077 1.327 1.213 0.764 0.176 0.000 0.780 1.447 2.104 2.262 1.583 1.210 0.797 1.212 0.432 0.401 0.228 0.862 0.790 2.232 
3.522 2.834 2.082 1.993 1.544 0.878 0.780 0.000 2.216 2.862 3.041 2.326 1.975 1.576 0.443 0.430 0.921 0.997 1.638 1.559 2.979 
1.330 1.053 0.724 0.389 0.727 1.405 1.447 2.216 0.000 0.670 0.876 0.300 0.246 0.710 2.627 1.870 1.372 1.221 0.588 0.803 0.823 
0.663 1.169 1.252 1.019 1.397 2.072 2.104 2.862 0.670 0.000 0.573 0.553 0.895 1.380 3.260 2.532 1.982 1.876 1.255 1.466 0.185 
0.823 0.701 1.106 1.053 1.500 2.186 2.262 3.041 0.876 0.573 0.000 0.952 1.118 1.470 3.467 2.663 2.237 2.047 1.409 1.511 0.705 
1.199 1.288 1.025 0.678 0.937 1.572 1.583 2.326 0.300 0.553 0.952 0.000 0.412 0.929 2.716 2.015 1.434 1.355 0.772 1.041 0.653 
1.557 1.215 0.726 0.346 0.526 1.179 1.210 1.975 0.246 0.895 1.118 0.412 0.000 0.518 2.383 1.637 1.125 0.983 0.365 0.631 1.032 
2.036 1.313 0.591 0.417 0.039 0.718 0.797 1.576 0.710 1.380 1.470 0.929 0.518 0.000 2.008 1.194 0.870 0.595 0.185 0.133 1.532 
3.915 3.276 2.524 2.423 1.974 1.320 1.212 0.443 2.627 3.260 3.467 2.716 2.383 2.008 0.000 0.870 1.284 1.420 2.058 1.997 3.367 
3.194 2.417 1.668 1.610 1.165 0.477 0.432 0.430 1.870 2.532 2.663 2.015 1.637 1.194 0.870 0.000 0.730 0.660 1.282 1.160 2.663 
2.632 2.179 1.459 1.242 0.831 0.554 0.401 0.921 1.372 1.982 2.237 1.434 1.125 0.870 1.284 0.730 0.000 0.360 0.849 0.924 2.084 
2.539 1.899 1.157 1.005 0.559 0.267 0.228 0.997 1.221 1.876 2.047 1.355 0.983 0.595 1.420 0.660 0.360 0.000 0.641 0.612 2.004 
1.916 1.344 0.676 0.394 0.176 0.817 0.862 1.638 0.588 1.255 1.409 0.772 0.365 0.185 2.058 1.282 0.849 0.641 0.000 0.317 1.397 
2.116 1.290 0.545 0.466 0.154 0.684 0.790 1.559 0.803 1.466 1.511 1.041 0.631 0.133 1.997 1.160 0.924 0.612 0.317 0.000 1.626 
0.551 1.340 1.435 1.187 1.547 2.211 2.232 2.979 0.823 0.185 0.705 0.653 1.032 1.532 3.367 2.663 2.084 2.004 1.397 1.626 0.000 
